%YAML:1.0
---
K: !!opencv-matrix
   rows: 3
   cols: 3
   dt: d
   data: [ 2.5665763944693185e+03, 0., 1.6569625330966046e+03, 0.,
       2.5624335977025403e+03, 1.2190032732839909e+03, 0., 0., 1. ]
D: !!opencv-matrix
   rows: 1
   cols: 5
   dt: d
   data: [ 1.6169602997965915e-01, -2.7747607757471887e-01,
       3.8687148758759890e-03, 2.1022762132819318e-03,
       3.4011836677206655e-02 ]
